植物类型,攻击间隔,生产间隔,攻击力,最大生命值,冷却时间,价格,备注
0,1.5,0,20,300,7.5,100,豌豆射手
1,0,25,0,300,7.5,50,向日葵
2,0,0,1800,300,50,150,樱桃炸弹
3,0,0,0,4000,30,50,坚果
4,0,0,1800,300,30,25,土豆雷
5,0,0,0,300,7.5,150,大嘴花
6,1.5,0,20,300,7.5,0,小喷菇
7,1.5,0,20,300,7.5,75,大喷菇
8,0,0,0,300,30,75,魅惑菇
9,1.5,0,20,300,7.5,25,胆小菇
10,0,0,0,300,50,75,寒冰菇
11,0,0,1800,300,50,125,毁灭菇
12,0,0,0,300,7.5,25,睡莲
13,0,0,1800,300,30,50,窝瓜
14,1.5,0,20,300,7.5,275,三线射手
15,0,0,0,300,30,25,缠绕水草
16,0,0,1800,300,50,125,火爆辣椒
17,1,0,20,300,7.5,100,地刺
18,0,0,0,300,7.5,175,火炬树桩
19,1.5,0,20,300,7.5,0,海蘑菇
20,0,0,0,300,15,25,路灯花
21,1.5,0,20,300,7.5,125,仙人掌
22,0,0,0,300,15,100,三叶草
23,1.5,0,20,300,7.5,125,杨桃
24,0,0,0,4000,30,125,南瓜
25,0,0,0,300,7.5,100,磁力菇
26,3,0,40,300,7.5,100,卷心菜投手
27,0,0,0,300,7.5,25,花盆
28,3,0,20,300,7.5,100,玉米投手
29,0,0,0,300,7.5,50,大蒜
30,0,0,0,1000,7.5,100,叶子保护伞
31,0,25,0,300,7.5,25,金盏花
32,3,0,80,300,7.5,300,西瓜投手
33,0,0,8,300,7.5,100,钢叶草
34,1.5,0,100,300,7.5,225,闪电洋葱
35,0,0,0,300,7.5,25,小松炉
36,1.5,0,20,300,7.5,125,云杉弓手
37,0,0,0,300,30,50,寒冰莲花
38,3,0,20,300,7.5,75,水滴芦荟
39,0,0,0,1500,15,50,冬笋路障
40,0,0,600,300,30,100,雪棘草
212,0,0,0,1000,50,200,小丑盒
213,0,0,0,1000,7.5,50,矿工镐
214,0,0,0,1000,50,200,时空碎片
215,0,0,0,1000,50,200,机械碎片
216,0,0,0,1000,90,300,超级机械碎片
217,0,0,0,4000,30,50,全息坚果
218,0,0,0,300,7.5,75,反弹叶绿球
219,0,0,0,300,0.5,0,箭头
220,0,0,0,300,30,200,黄金罐子
221,0,0,0,300,7.5,0,融合过程
222,0,0,300,300,50,275,烈焰爆竹
223,0,0,0,300,50,150,平安果
224,0,0,0,2000,30,100,铁桶
225,0,0,0,4000,50,200,橄榄帽
226,0,0,0,300,15,75,丧尸花盆
227,0,0,0,300,15,25,钻石模仿者
228,0,0,0,300,50,-125,僵尸火红莲
229,0,0,0,300,50,200,幸运四叶草
230,0,25,0,300,7.5,25,萤火阳光菇·萤光璀璨
231,0,25,0,300,7.5,50,萤火阳光菇·萤火飘随
232,0,25,0,300,7.5,75,萤火阳光菇·流萤纷飞
233,0,0,0,300,30,50,冰块礼盒
234,0,0,0,32000,90,400,钻石土豆坚果
235,3,0,40,300,7.5,100,百香双响炮
236,0,0,20,4000,30,150,冻梨
237,1.5,0,20,300,7.5,325,冰刃雪莲
238,0,0,0,300,50,100,清蕊秋菊
239,0,0,0,300,7.5,75,墓碑吞噬者
240,0,0,0,4000,70,500,黑曜石大麦
241,0,0,0,300,30,100,极寒冰豆
242,3,0,50,1000,90,200,火红莲女王
243,3,25,20,1000,30,125,汉堡王
244,0,0,0,300,30,50,融合洋芋
245,0,0,0,300,300,100,模仿者
246,0,0,0,300,30,100,磁力盒子
247,0,0,0,300,3,0,磁力接口
248,0,0,1800,300,30,125,猫瓜
249,6,0,200,300,30,325,剑仙杨桃
250,0,0,0,300,50,-100,僵尸盲盒
251,0,0,600,4000,30,100,巨型阳光坚果
252,1.5,0,40,300,50,125,魔法猫娘
253,0,0,0,300,30,50,大麦
254,0,0,0,300,50,125,火红莲
255,0,0,600,4000,30,100,巨型坚果
256,0,0,0,300,15,100,惊喜礼盒
300,6,0,1800,300,50,750,究极剑仙杨桃
301,0.5,0,300,300,90,1000,究极速射樱桃射手
302,2,0,300,300,50,850,究极血月神卷心菜
303,0,0,0,300,90,500,究极模仿者大麦
304,0,3,1800,300,90,800,究极炽阳向日葵
305,0,0,0,300,90,1500,无妄菇
306,0.5,0,20,300,90,850,红卡大喷菇
307,0,0,0,4000,50,150,原始阳光帝果
308,0,0,0,640000,90,900,究极基岩高坚果
309,1.5,0,1800,8000,90,800,红卡机枪狙击大嘴花
310,0,0,0,64000,90,750,究极机械坚果
350,1.5,0,20,300,7.5,200,豌豆向日葵[塔防]
351,20,0,0,300,7.5,150,阳光大蘑菇[塔防]
352,3,0,20,300,50,400,超级樱桃射手[塔防]
353,0,0,10,4000,30,200,杨桃坚果[塔防]
354,0,0,1000,300,50,25,阳光土豆雷[塔防]
355,3.8,0,5,300,7.5,200,寒冰忧郁菇[塔防]
356,0,0,1000,300,50,500,樱桃大嘴花[塔防]
357,1.5,0,20,300,7.5,300,闪电洋葱[塔防]
358,1.5,0,10,300,7.5,50,豌豆小喷菇[塔防]
359,25,0,0,300,7.5,25,阳光菇[塔防]
360,60,0,1000,300,50,500,毁灭大喷菇[塔防]
361,0,0,0,300,50,0,墓碑吞噬者[塔防]
362,1.5,0,20,300,7.5,200,胆大菇[塔防]
363,0,0,1,300,50,125,寒冰三叶草[塔防]
364,0,0,1000,300,90,175,毁灭杨桃[塔防]
365,3,0,40,300,7.5,300,猪笼草迫击炮[塔防]
366,0,0,0,300,7.5,25,睡莲[塔防]
367,0,0,80,1000,30,75,窝瓜坚果[塔防]
368,1.5,0,20,300,30,400,三线土豆雷[塔防]
900,0,0,0,300,50,150,魅帝菇
901,1.5,0,300,300,90,950,究极樱桃射手
902,0,0,1800,300,90,600,究极火爆窝炬
903,0,0,1000,8000,90,600,究极樱桃战神
904,0.5,0,100,300,90,425,究极大喷菇
905,0,0,0,4000,50,150,阳光帝果
906,1,0,300,8000,50,650,玄钢地刺王
907,1.5,0,300,300,50,525,毁灭菇机枪射手
908,1.5,0,20,300,30,125,寒冰机枪小喷菇
909,1,0,30,300,90,450,究极杨桃大帝
910,1.9,0,100,300,90,525,究极忧郁菇
911,0,0,200,16000,50,525,究极激光南瓜
912,1.5,0,200,300,50,200,究极激光无人机
913,0,0,0,32000,90,450,究极黑曜石高坚果
914,2,0,120,300,90,900,究极投手
915,35,0,1800,300,90,575,究极冷寂加农炮
916,0,0,0,4000,90,475,绿宝石伞
917,0,0,0,300,50,150,魅后菇
918,0,0,0,300,50,400,灰烬三线射手
919,1.5,0,160,300,90,650,浴火三线射手
920,0,0,0,300,90,450,究极五叶草
921,0,0,1000,8000,90,600,究极毒蒜战神
922,0,0,0,16000,50,525,究极磁爆南瓜
923,0,0,80,4000,90,475,红宝石伞
924,2,0,120,300,90,350,究极魅惑菇
925,0,0,0,32000,90,350,究极黑曜石土豆坚果
926,1.5,0,160,300,50,250,魔法猫尾草
927,0.5,0,80,8000,90,1000,究极机枪炮台
928,0,0,0,300,90,325,幻灭菇
929,1.5,0,20,300,50,125,阳光机枪小喷菇
930,1.5,0,300,300,50,525,毁灭机枪胆小菇
931,0,0,0,16000,50,450,玄钢地刺坚果
932,0,0,0,300,50,575,摇钱三线火炬
933,1.5,0,300,300,90,425,究极仙人掌
934,2,0,300,300,50,375,究极太阳神卷心菜
935,0,0,0,8000,50,325,多功能南瓜
936,0,15,0,300,50,500,太阳能花盆
937,1,0,300,1000,50,275,流光仙萤伞
938,0,0,0,300,90,325,贪欲菇
939,1.5,0,300,300,90,950,究极浮空樱桃射手
940,6,0,300,3000,90,500,究极火神弹弹菇
941,5,0,40,300,90,400,究极贪欲水草
942,1,0,80,6000,50,475,铁豆小队
943,2,0,300,300,90,525,究极超时空玉米
944,0,0,300,300,50,375,磁力菇王
945,0,0,0,16000,90,525,究极超时空坚果
946,3,0,300,8000,90,1000,究极激光炮台
947,1.5,0,60,300,90,525,究极云杉
948,0,0,1800,300,90,600,究极火爆星炬
949,0,0,600,300,90,525,究极路灯花
950,0,15,0,300,50,500,太阳能睡莲
951,0,0,0,8000,7.5,625,究极灯笼巨嘴花
952,3,0,60,300,7.5,900,究极小投手
953,35,0,3600,300,90,700,究极爆破加农炮
954,0,3,1800,300,90,350,究极向日葵
955,2,0,300,300,50,375,究极月亮神卷心菜
956,0,0,1800,300,50,425,死神大嘴花
957,0.5,0,300,300,90,875,究极冰神西瓜
958,0.5,0,300,300,90,500,究极爆焱猫尾草
959,0,0,3600,300,90,425,核爆樱桃
960,1.5,0,300,8000,90,150,究极海妖菇
961,0,0,80,6000,50,475,铁豆突击队
962,3,0,160,300,90,650,飞火三线射手
963,0,0,0,4000,50,200,究极阳光帝果
964,35,0,1800,300,90,575,究极冷寂榴弹炮
965,0,0,3600,300,90,425,核爆窝瓜
966,0.75,0,300,300,90,700,究极爆破迫击炮
967,2,0,120,4000,90,350,究极魅惑南瓜
968,0,0,0,4000,50,150,火焰帝果
969,0,0,0,4000,50,200,究极火焰帝果
970,1.5,0,40,300,50,350,窝油帝刺
971,1.5,0,300,300,50,650,究极毁灭菇射手
972,1.5,0,300,300,50,650,究极毁灭胆小菇
973,1.5,0,100,300,7.5,225,魔法兔耳葱
974,0,25,0,300,50,375,磁力菇后
975,0.5,0,80,1000,50,275,寒晶仙萤伞
976,1.5,0,160,300,7.5,325,多功能杨桃
977,0,0,3600,64000,90,400,究极黑曜石辣椒菇
978,0,0,300,300,7.5,350,窝油帝盆
979,4,0,200,300,90,550,烈焰竹龙
980,0,0,0,8000,90,575,究极冬笋
981,0,0,3600,300,90,875,究极冰神毁灭菇
982,0,0,0,300,50,575,摇钱三线路灯花
983,0,0,1800,300,50,425,死神土豆雷
984,0.5,0,40,300,90,525,究极流光射手
985,1.5,0,80,4000,50,700,究极黑橄榄机枪
986,3,0,900,300,50,700,究极超时空狙击
987,1.5,0,40,300,30,150,究极寒冰机枪小喷菇
988,1.5,0,40,300,30,150,究极阳光机枪小喷菇
989,1.5,0,40,300,90,525,究极影噬裂荚射手
990,0,0,1800,8000,30,150,小黑椒
991,6,0,300,3000,90,500,究极火神黏黏菇
992,1.5,0,300,300,50,200,冷寂寒冰菇
993,1.5,0,300,300,90,275,究极魅惑猫娘
994,1.5,0,300,300,90,275,究极魅惑猫娘陆地
995,0,0,300,300,50,200,冷寂寒冰菇2
996,0.5,0,100,300,50,500,究极爆炎海蘑菇
997,0,0,0,64000,90,525,究极堡垒坚果
998,3,0,0,300,30,300,精锐飓风三叶草
999,1.5,0,180,300,90,775,sp浴火
1000,1.5,25,30,300,7.5,150,豌豆向日葵
1001,1.5,0,40,300,50,250,樱桃射手
1002,0,0,1800,300,50,200,阳光炸弹
1003,0,0,0,4000,50,200,樱桃坚果
1004,1.5,0,20,4000,30,150,坚果射手
1005,3,0,300,300,50,400,超级樱桃射手
1006,0,15,0,4000,30,100,阳光坚果
1007,1.5,0,30,300,30,75,豌豆土豆雷
1008,1.5,0,40,300,50,350,樱桃双发射手
1009,0,15,1800,300,30,50,阳光土豆雷
1010,0,0,0,4000,30,75,土豆坚果
1011,3,0,80,300,7.5,250,豌豆大嘴花
1012,0,0,0,4000,30,200,大嘴坚果
1013,0,0,200,4000,30,300,超级大嘴花
1014,0,0,0,300,7.5,200,阳光大嘴花
1015,0,0,0,300,30,100,土豆大嘴花
1016,0,0,1800,300,50,300,樱桃大嘴花
1017,1.5,0,40,300,50,550,樱桃机枪射手
1018,2.25,0,20,300,7.5,25,豌豆小喷菇
1019,2.25,0,20,300,7.5,50,双发小喷菇
1020,1.5,0,80,2000,7.5,200,铁桶豌豆射手
1021,0,0,0,2000,30,25,坚果小蘑菇
1022,0,0,0,300,30,25,魅惑小蘑菇
1023,1.5,0,40,300,30,150,魅惑大喷菇
1024,1.5,0,40,300,30,100,魅惑胆小菇
1025,1.5,0,30,300,7.5,100,胆大菇
1026,3,0,120,300,30,175,超级魅惑菇
1027,0,0,0,8000,50,125,高坚果
1028,0,0,0,16000,50,175,橄榄高坚果
1029,0,0,0,8000,50,100,铁桶坚果
1030,1.5,0,20,300,7.5,200,双发射手
1031,0,25,0,300,7.5,25,阳光菇
1032,1.5,0,20,300,7.5,400,机枪射手
1033,0,20,0,300,7.5,100,双子向日葵
1034,1.5,0,20,300,7.5,175,寒冰射手
1035,2.25,0,20,300,7.5,50,寒冰小喷菇
1036,0,0,0,300,7.5,25,寒冰小蘑菇
1037,1.5,0,40,300,7.5,150,寒冰大喷菇
1038,1.5,0,40,300,7.5,100,寒冰胆小菇
1039,0,0,0,8000,50,200,寒冰高坚果
1040,0,0,1800,300,90,200,寒冰毁灭菇
1041,0,0,0,300,50,150,寒冰魅惑菇
1042,1.5,0,20,300,50,150,毁灭胆小菇
1043,60,0,1800,300,50,200,毁灭大喷菇
1044,0,0,1800,300,30,25,毁灭小蘑菇
1045,0,0,0,300,50,200,毁灭魅惑菇
1046,3,0,20,300,50,275,超级大喷菇
1047,3,0,40,300,7.5,325,三线窝瓜射手
1048,0,0,0,4000,30,150,地刺坚果
1049,0,0,1800,300,30,125,火爆缠绕水草
1050,0,0,600,300,30,75,窝瓜水草
1051,1.5,0,30,300,30,300,三线水草射手
1052,0,0,40,300,50,425,超级火炬树桩
1053,0,0,0,300,30,300,火爆树桩
1054,0,0,1800,300,50,175,火爆窝瓜
1055,0,0,0,300,7.5,450,三线火炬树桩
1056,0,0,0,300,30,175,火炬水草
1057,0,0,1800,300,30,50,焰光窝瓜
1058,1.5,0,40,300,50,400,焦黑三线射手
1059,0,0,0,300,7.5,225,窝瓜火炬树桩
1060,1,0,20,450,50,125,地刺王
1061,1,0,40,300,7.5,275,火炬地刺
1062,1,0,40,300,50,225,火焰地刺
1063,1.5,0,20,300,7.5,150,窝瓜地刺
1064,1.5,0,5,300,7.5,375,三线地刺射手
1065,2.25,0,20,300,50,100,机枪小喷菇
1066,3,0,40,300,30,350,超级水草
1067,1.5,0,20,300,50,125,猫尾草
1068,1.5,0,40,300,50,200,寒冰猫尾草
1069,1.5,0,40,300,50,225,火焰猫尾草
1070,1.9,0,20,300,30,125,忧郁菇
1071,1.9,0,40,300,50,250,火焰忧郁菇
1072,1.9,0,40,300,50,200,寒冰忧郁菇
1073,0,0,0,8000,50,250,火焰高坚果
1074,1,0,40,450,50,300,寒冰地刺王
1075,1,0,40,450,50,350,火焰地刺王
1076,1.5,0,20,300,7.5,25,仙人掌海蘑菇
1077,0,15,0,300,7.5,25,阳光海蘑菇
1078,0,0,0,300,7.5,25,海灯菇
1079,1.5,0,30,300,7.5,150,流光仙人掌
1080,0,0,0,300,7.5,125,流光三叶草
1081,3,0,60,300,7.5,150,流光杨桃
1082,1.5,0,30,300,7.5,100,浮空仙人球
1083,1.5,0,20,300,7.5,75,杨桃海蘑菇
1084,0,0,0,300,15,225,杨桃五叶草
1085,1.5,0,20,300,7.5,250,仙人掌杨桃
1086,0,0,0,300,15,50,三叶海蘑菇
1087,0,0,0,4000,30,150,流明南瓜
1088,0,0,0,4000,30,250,仙人掌南瓜
1089,0,0,0,4000,30,250,杨桃南瓜
1090,1.5,0,20,300,7.5,300,裂荚射手
1091,0,0,0,4000,30,225,三叶南瓜
1092,0,0,20,4000,30,225,磁力南瓜
1093,1.5,0,40,300,7.5,225,磁力杨桃
1094,1.5,0,40,300,7.5,275,玩偶杨桃
1095,1.5,0,40,300,7.5,275,矿工杨桃
1096,1.5,0,80,2000,7.5,275,铁桶杨桃
1097,0,0,0,8000,30,275,铁桶南瓜
1098,0,0,0,4000,30,275,玩偶南瓜
1099,0,0,0,4000,30,275,矿工南瓜
1100,0,0,200,300,7.5,125,流光磁力菇
1101,0,0,0,300,7.5,50,海磁力菇
1102,0,0,0,300,7.5,200,磁力三叶草
1103,1.5,0,40,300,7.5,225,磁力仙人掌
1104,3,0,60,300,7.5,250,超级杨桃
1105,1.5,0,20,300,7.5,275,寒冰双发射手
1106,1.5,0,20,300,7.5,475,寒冰机枪射手
1107,1.5,0,20,300,7.5,375,寒冰裂荚射手
1108,1.5,0,40,300,50,450,樱桃裂荚射手
1109,3,0,500,300,7.5,600,狙击射手
1110,0,0,0,4000,30,325,超级南瓜
1111,5,0,50,300,7.5,50,阳光卷心菜投手
1112,0,0,0,300,7.5,100,卷心菜花盆
1113,3,0,40,300,7.5,200,玉米卷投手
1114,0,0,0,300,7.5,100,玉米花盆
1115,0,0,0,1000,7.5,200,黄油保护伞
1116,3,0,80,300,50,375,冰瓜
1117,3,0,40,300,7.5,150,蒜玉米投手
1118,3,0,40,300,7.5,150,蒜卷心菜投手
1119,3,0,100,300,7.5,350,蒜西瓜投手
1120,35,0,1800,300,50,300,玉米加农炮
1121,3,0,140,300,7.5,400,玉米瓜投手
1122,35,0,3240,300,50,425,火焰加农炮
1123,35,0,3240,300,50,375,寒冰加农炮
1124,3,0,80,300,7.5,400,卷心瓜投手
1125,0,0,0,300,7.5,100,西瓜花盆
1126,5,0,140,300,7.5,500,超级投手
1127,0,0,0,1000,7.5,150,大蒜保护伞
1128,0,0,0,1000,7.5,200,卷心菜保护伞
1129,0,0,0,4000,50,100,机械坚果
1130,0,0,0,300,7.5,50,大蒜花盆
1131,0,0,80,2000,7.5,400,西瓜保护伞
1132,35,0,200,1000,50,750,西瓜榴弹炮
1133,0,0,0,300,7.5,100,保护伞花盆
1134,3,0,60,300,7.5,125,银卷心菜投手
1135,3,0,80,300,7.5,225,金卷心菜投手
1136,0,25,0,300,7.5,0,银花盆
1137,0,25,0,300,90,9999,金花盆
1138,3,0,40,300,7.5,125,银玉米投手
1139,3,0,60,300,7.5,225,金玉米投手
1140,0,20,0,300,7.5,50,双子金盏花
1141,3,0,100,300,7.5,325,银西瓜投手
1142,3,0,120,300,7.5,525,金西瓜投手
1143,0,0,0,1000,7.5,125,银保护伞
1144,0,0,0,1000,15,225,金保护伞
1145,0,0,0,600,7.5,75,银蒜
1146,0,0,0,900,15,125,金蒜
1147,0,0,0,4000,30,125,魅惑坚果
1148,0,0,0,4000,30,275,超级保护伞
1149,3,0,120,300,7.5,425,火瓜
1150,0,0,0,300,7.5,200,吸金磁
1151,0,0,0,8000,30,600,超级机械坚果
1152,2.25,0,80,1000,7.5,125,铁豆小喷菇
1153,2.25,0,20,300,7.5,75,裂荚小喷菇
1154,0,25,0,300,7.5,150,阳光磁力菇
1155,1,0,20,300,7.5,100,焰光地刺
1156,0,0,0,300,30,25,焰光缠绕水草
1157,0,0,0,300,30,175,魅惑磁力菇
1158,1.5,0,40,300,7.5,175,磁力大喷菇
1159,1.5,0,50,2000,7.5,225,铁桶大喷菇
1160,1.5,0,100,3000,7.5,300,橄榄大喷菇
1161,0.5,0,20,1000,30,800,机枪豌豆炮台
1162,0,0,0,300,50,175,樱桃土豆雷
1163,0,0,0,300,50,150,辣椒土豆雷
1164,0,0,0,4000,30,275,樱桃南瓜
1165,1.5,0,20,300,50,675,寒冰超级机枪射手
1166,0,0,300,300,7.5,250,樱桃磁力菇
1167,3,0,300,300,30,725,火焰狙击射手
1168,1.5,0,20,300,50,600,超级机枪射手
1169,0,0,0,12000,50,450,武装南瓜
1170,2,0,20,300,7.5,25,土豆小喷菇
1171,3,0,600,300,30,50,土豆胆小菇
1172,1.5,0,30,300,7.5,125,大蒜喷菇
1173,0,0,1800,32000,50,200,黑曜石辣椒菇
1174,0,0,0,1000,7.5,450,巨型大嘴花
1175,1.5,0,20,1000,30,150,海妖菇
1176,0,0,0,300,30,175,魅惑三叶草
1177,1.5,0,8,300,7.5,200,双子钢叶草
1178,0,0,0,300,50,325,樱桃树桩
1179,0,0,300,300,30,275,樱桃辣椒
1180,1,0,40,300,7.5,175,寒冰地刺
1181,0,0,0,300,15,150,蒜三叶草
1182,0,0,0,300,7.5,250,极寒树桩
1183,2.25,0,20,300,7.5,50,杨桃小蘑菇
1184,0,25,0,300,7.5,25,阳光花盆
1185,0,0,0,1000,7.5,125,光叶保护伞
1186,0,0,0,1000,7.5,225,仙人掌保护伞
1187,0,15,0,300,7.5,75,银向日葵
1188,0,0,0,300,7.5,9999,金向日葵
1189,0,0,0,4000,30,125,寒冰坚果
1190,0,0,0,4000,30,150,土豆南瓜
1191,1.5,0,40,300,7.5,250,毁灭仙人掌
1192,0,0,1800,300,30,275,毁灭大嘴花
1193,1.5,0,1,300,7.5,200,火焰大喷菇
1194,1.5,0,40,300,30,225,毁灭豌豆射手
1195,0,0,0,300,7.5,25,流光花盆
1196,3,0,120,300,7.5,375,西瓜弹弹菇
1197,0,0,0,300,7.5,300,杨桃树桩
1198,0,0,1800,300,50,250,火爆杨桃
1199,0,0,0,300,7.5,300,余烬树桩
1200,0,0,0,2000,30,150,壮胆南瓜
1201,0.75,0,20,300,7.5,150,杨桃胆小菇
1202,0,0,0,4000,30,175,窝瓜南瓜
1203,3,0,20,300,7.5,25,玉米小投手
1204,0,0,0,300,7.5,175,浮空保护伞
1205,0,0,0,4000,30,200,魅惑南瓜
1206,0,0,0,4000,30,150,坚果保护伞
1207,0,0,300,600,7.5,250,樱桃保护伞
1208,1,0,0,300,7.5,200,超时空豌豆射手
1209,3,0,60,300,7.5,200,磁力玉米投手
1210,3,0,80,300,7.5,300,超时空玉米投手
1211,3,0,80,2000,7.5,250,铁桶玉米投手
1212,0,0,1800,300,50,225,寒冰樱桃
1213,0,0,0,300,50,225,磁力毁灭菇
1214,0,0,3240,300,50,325,超时空毁灭菇
1215,0,0,0,4000,30,150,超时空坚果
1216,1.5,0,20,300,7.5,200,浮空豌豆射手
1217,3,0,80,300,7.5,275,钢木弓手
1218,0,0,8,300,7.5,175,水叶草
1219,1.5,0,50,300,7.5,250,水滴射手
1220,3,0,5,300,7.5,300,超级云杉
1221,0,0,100,300,30,175,莲花云杉
1222,0,0,0,300,30,150,钢叶莲花
1223,0,0,0,300,7.5,150,云杉松炉
1224,0,0,0,300,7.5,125,钢叶松炉
1225,0,0,0,300,7.5,75,莲花松炉
1226,0,0,0,300,7.5,100,芦荟松炉
1227,0,0,0,300,30,125,芦荟医师
1228,0,0,1800,300,30,125,寒冰窝瓜
1229,0,0,1800,300,30,125,魅惑窝瓜
1230,0,0,0,300,7.5,125,魅惑大蒜
1231,0,0,1800,300,30,100,魅惑土豆雷
1232,0,0,600,300,30,50,缠绕地雷
1233,0,0,600,300,30,50,缠绕水雷
1234,0,0,0,300,30,150,超级小松炉
1235,0,0,0,4000,30,175,火焰坚果
1236,0,0,1800,4000,50,175,毁灭坚果
1237,1,0,20,300,7.5,125,缠绕水刺
1238,1,0,20,300,7.5,125,缠绕地刺
1239,0,0,3240,300,50,175,铁桶毁灭菇
1240,1.5,0,30,300,7.5,300,三线土豆雷
1241,0,0,0,300,7.5,175,灯笼大嘴花
1242,0,0,3240,300,50,175,玩偶毁灭菇
1243,0,0,300,300,30,175,樱桃花盆
1244,0,0,300,300,30,250,三叶小樱桃
1245,0,20,0,300,7.5,125,阳光大蘑菇
1246,0,25,0,300,7.5,75,阳光胆小菇
1247,3,0,80,300,50,300,云杉弩炮
1248,0,50,0,300,50,175,毁灭向日葵
1249,0,0,0,300,50,0,毁灭菇孢子
1250,0,0,160,4000,30,100,窝瓜坚果
1251,0,0,1800,300,50,150,银毁灭菇
1252,0,0,1800,300,50,250,金毁灭菇
1253,0,0,3240,1000,30,100,铁桶窝瓜
1254,1,0,80,300,50,375,海啸云杉弩炮
1255,0,0,0,4000,30,150,三叶坚果
1256,0,0,0,4000,30,175,仙人掌坚果
1257,0,0,20,4000,30,175,杨桃坚果
1258,0,0,0,1500,15,100,莲花冬笋路障
1259,0,0,0,1500,15,125,水滴冬笋路障
1260,3,0,60,1800,7.5,175,冬笋弓手
1261,0,0,0,8000,30,350,西瓜坚果
1262,0,0,0,4000,30,150,卷心菜坚果
1263,0,0,0,4000,30,150,黄油坚果
1264,0,0,0,1500,15,150,钢叶冬笋路障
1265,0,0,0,300,30,75,冬笋松炉
1266,0,0,0,32000,50,325,堡垒坚果
1267,1.5,0,30,300,7.5,175,魅惑豌豆射手
1268,1.5,0,30,300,7.5,275,魅惑双发射手
1269,1.5,0,30,300,7.5,375,魅惑裂荚射手
1270,1.5,0,30,300,7.5,475,魅惑机枪射手
1271,1.5,0,20,300,50,875,三线超级机枪射手
1272,0.3,0,100,300,50,675,死神狙击射手
1273,0,0,0,300,7.5,125,三叶胆小菇
1274,1.5,0,40,300,7.5,175,樱桃胆小菇
1275,0,0,180,300,50,225,毁灭三叶草
1276,0,0,1,300,50,175,寒冰三叶草
1277,0,0,1800,300,50,250,毁灭杨桃
1278,0,0,0,4000,30,100,大蒜坚果
1279,0,0,0,4000,30,150,磁力坚果
1280,3,0,80,300,7.5,100,西瓜小投手
1281,3,0,40,300,7.5,50,卷心菜小投手
1282,0,0,0,300,7.5,225,坚果火炬树桩
1283,0,0,0,4000,30,50,焰光坚果
1284,0,0,0,6000,30,75,银坚果
1285,0,0,0,8000,30,100,金坚果
1286,3,0,120,300,7.5,375,魅惑西瓜投手
1287,0,0,0,300,7.5,75,寒冰花盆
1288,0,0,0,4000,30,300,火炬南瓜
1289,0,0,0,4000,30,125,焰光南瓜
1290,3,0,500,300,7.5,200,狙击小队
1291,1.5,0,20,300,7.5,75,海鲨大喷菇
1292,1.5,0,30,300,50,675,魅惑超级机枪射手
1293,0,0,600,2000,30,50,海蘑菇坚果
1294,0.5,0,20,300,7.5,25,海螺胆小菇
1295,1.5,0,20,12000,30,325,“高”坚果射手
1296,0,0,1800,300,30,50,寻宝土豆雷
1297,0,0,0,300,50,75,寒冰刺豚菇
1298,1.5,0,20,300,7.5,175,豌豆大喷菇
1299,0,0,0,8000,30,175,坚果南瓜
1300,1.9,0,20,1000,7.5,300,巨蘑菇
1301,0,0,0,300,7.5,25,保护伞小蘑菇
1302,1.5,0,20,300,7.5,0,海蘑菇群
1303,0,0,600,300,7.5,125,毁灭海鲸菇
1304,0,25,0,300,7.5,225,火炬向日葵
1305,0,0,0,300,7.5,75,水母魅惑菇
1306,2,0,80,3000,30,500,橄榄机枪射手
1307,0,0,100,300,7.5,175,阳光杨桃
1308,0,0,1800,300,50,175,阳光辣椒
1309,0,0,0,4000,30,75,流明坚果
1310,0,0,0,4000,30,75,胆小坚果
1311,0,0,0,300,30,75,坚果花盆
1312,3,0,20,4000,30,125,坚果大蘑菇
1313,0,0,0,4000,30,75,水草坚果
1314,3,0,120,300,7.5,400,磁力西瓜投手
1315,3,0,200,2000,7.5,450,铁桶西瓜投手
1316,3,0,80,300,7.5,500,超时空西瓜投手
1317,0,0,1800,300,50,250,毁灭辣椒
1318,0,0,0,4000,30,225,豌豆南瓜
1319,1.5,0,30,300,7.5,225,火辣豌豆射手
1320,1.5,0,30,300,7.5,325,火辣双发射手
1321,1.5,0,30,300,7.5,425,火辣裂荚射手
1322,1.5,0,30,300,7.5,525,火辣机枪射手
1323,0,0,0,4000,30,175,大蒜南瓜
1324,0,25,0,4000,30,175,阳光南瓜
1325,0,25,0,300,50,125,阳光寒冰菇
1326,0,25,200,300,30,125,阳光魅惑菇
1327,0,0,0,4000,30,275,大嘴南瓜
1328,1.5,0,30,300,7.5,325,蒜毒三线射手
1329,3,0,500,300,7.5,650,病毒狙击射手
1330,1.5,0,20,300,7.5,425,樱桃三线射手
1331,1.5,0,20,300,50,750,樱桃超级机枪射手
1332,0,0,1800,300,50,275,毁灭樱桃
1333,0,0,0,300,30,225,樱桃魅惑菇
1334,0,0,0,4000,30,125,海蘑菇南瓜
1335,0,0,0,300,7.5,225,魅惑大嘴花
1336,0,0,1800,300,50,200,魅惑辣椒
1337,0,0,0,300,7.5,200,黄油地刺
1338,0,0,0,300,15,100,寒冰路灯花
1339,0,0,1800,300,30,25,海蘑菇地雷
1340,0,0,1800,300,30,25,海蘑菇水雷
1341,0,0,0,300,15,150,毁灭路灯花
1342,0.75,0,40,1000,30,400,卷心菜迫击炮
1343,3,0,120,300,15,350,西瓜窝窝投手
1344,0,0,1800,300,50,200,樱桃窝瓜
1345,0,0,1800,300,50,250,毁灭窝瓜
1346,0,0,40,300,7.5,175,黄油黏黏菇
1347,1.5,0,20,300,7.5,375,特种三线射手
1348,0,0,10,300,15,150,阳光三叶草
1349,0,0,0,4000,30,125,小蘑菇南瓜
1350,1.5,0,20,4000,30,200,大喷菇南瓜
1351,0,0,1800,300,30,100,阳光窝瓜
1352,0,0,80,4000,30,425,西瓜南瓜
1353,0,0,1800,300,30,75,土豆窝瓜块茎
1354,0,0,1800,300,30,50,土豆窝瓜
1355,0,0,0,300,30,150,毁灭大蒜
1356,1.5,0,20,300,7.5,200,杨桃大蘑菇
1357,0,0,0,300,7.5,25,胆小花盆
1358,1.5,0,10,300,7.5,100,流光大灯菇
1359,3,0,40,300,7.5,200,卷心菜浮艇
1360,3,0,20,300,7.5,200,玉米浮艇
1361,3,0,80,300,7.5,400,西瓜浮艇
1362,1.5,0,30,300,7.5,100,土豆大喷菇
1363,3,0,60,300,7.5,150,玉米窝窝投手
1364,0,0,1800,300,50,150,毁灭土豆雷
1365,0,0,20,300,30,200,杨桃魅惑菇
1366,0,0,1800,300,30,150,豌豆窝瓜
1367,0,0,0,300,50,100,银寒冰菇
1368,0,0,200,300,50,200,金寒冰菇
1369,0,0,40,300,7.5,175,卷心菜乒乓菇
1370,0,0,300,300,7.5,25,小窝瓜
1371,0,0,0,4000,50,250,毁灭南瓜
1372,1,0,20,300,7.5,100,地刺花盆
1373,1.5,0,10,300,7.5,125,流光豌豆射手
1374,0,0,100,300,30,150,三叶窝瓜
1375,3,0,40,300,7.5,175,寒冰卷心菜投手
1376,3,0,20,300,7.5,175,寒冰玉米投手
1377,0,0,20,300,7.5,25,水草苗
1378,3,0,60,300,7.5,150,卷心菜窝窝投手
1379,0,0,30,300,7.5,250,三线路灯
1380,0,0,0,300,7.5,75,魅惑花盆
1381,1.5,0,10,300,7.5,225,流光双发射手
1382,1.5,0,10,300,7.5,325,流光裂荚射手
1383,1.5,0,10,300,7.5,425,流光机枪射手
1384,0,0,600,300,7.5,50,小喷辣椒
1385,1.5,0,30,300,7.5,150,蒜豌豆
1386,1.5,0,30,300,7.5,250,蒜双发
1387,1.5,0,30,300,7.5,350,蒜裂荚
1388,1.5,0,30,300,7.5,450,蒜机枪
1389,0,0,0,300,7.5,250,火炬大喷菇
1390,0,0,1800,300,30,200,大嘴窝瓜
1391,0,0,0,300,7.5,225,大蒜火炬
1392,0,0,1800,300,30,50,海窝瓜
1393,1.5,0,40,300,7.5,200,仙人掌大喷菇
1394,0,0,0,300,7.5,200,魅惑火炬
1395,3,0,30,300,7.5,100,水草大喷
1396,1.5,0,20,300,7.5,75,扩散大喷菇
1397,0,0,0,300,30,75,魅惑菇
1398,3,0,60,300,7.5,225,火卷心菜
1399,15,0,1800,300,7.5,225,毁灭卷心菜
1400,3,0,30,300,7.5,225,火玉米
1401,0,0,1800,300,30,100,寒冰土豆雷
1402,0,0,100,1500,15,150,雪棘冬笋
1403,0,0,0,300,30,100,雪棘莲
1404,0,0,0,300,7.5,125,豌豆花盆
1405,0,0,0,300,30,625,狙击花盆
1406,0,0,200,300,7.5,225,雪棘云杉
1407,3,0,20,4000,30,725,大哥南瓜
1408,3,0,1800,300,50,425,毁灭西瓜
1409,1.5,0,40,300,7.5,175,雪棘芦荟
1410,0,0,0,8000,30,250,南瓜储物箱
1411,3,0,40,300,7.5,225,毁灭玉米
1412,1.5,0,20,300,7.5,225,星星豌豆
1413,0,0,20,4000,30,250,火爆南瓜
1414,0,0,1800,300,30,150,水草毁灭菇
1415,1,0,20,300,7.5,225,仙人掌地刺
1416,0,0,5,300,7.5,200,雪棘钢叶草
1417,1,0,40,300,7.5,200,菜刺
1418,1.5,0,80,300,7.5,400,瓜刺
1419,1,0,20,300,7.5,150,阳光地刺
1420,3,0,0,300,7.5,200,飓风三叶草
1421,0,0,1800,300,30,200,火炬土豆雷
1422,0,0,1800,300,30,25,火焰土豆雷
1423,1.5,0,30,8000,50,650,超级机枪坚果射手
1424,3,0,500,300,7.5,750,大嘴狙击
1425,1.5,0,20,300,7.5,125,豌豆胆小菇
1426,0,0,1800,300,30,125,浮空土豆雷
1427,1.5,0,20,300,7.5,200,寒冰仙人掌
1428,1.5,0,40,300,7.5,225,樱桃大喷菇
1429,3,0,500,300,7.5,725,杨桃狙击
1430,0,0,0,300,7.5,175,火炬海蘑菇
1431,1.5,0,20,300,7.5,0,焰光海蘑菇
1432,1.5,0,30,300,50,625,土豆大哥
1433,1.5,0,80,300,7.5,575,三线西瓜
1434,1.5,0,20,300,7.5,375,三线玉米
1435,0,0,0,4000,0,400,三线南瓜
1436,0,0,0,4000,30,200,寒冰南瓜
1437,0,0,0,300,7.5,125,三叶花盆
1438,1.5,0,40,300,7.5,175,地刺大喷菇
1439,1.5,0,40,300,7.5,375,三线卷心菜
1440,1.5,0,40,300,7.5,400,毁灭三线射手
1441,0,0,900,300,30,175,杨桃窝瓜
1442,0,0,0,300,7.5,275,三线花盆
1443,1.5,0,40,300,7.5,275,魔法寒冰射手
1444,0,0,0,4000,30,125,末影南瓜头
1445,1.5,0,20,300,7.5,675,大哥豌豆大喷菇
1446,0,25,0,300,7.5,25,金盏菇
1447,0,50,0,300,7.5,100,大金盏菇
1448,3,0,500,300,30,625,狙击胆小菇
1449,0,0,0,300,30,100,银魅惑菇
1450,0,0,0,300,30,200,金魅惑菇
1451,0,0,900,300,30,50,小樱桃
1452,1.5,0,40,300,7.5,175,大嘴胆小菇
1453,0,0,40,1000,7.5,175,大喷保护伞
1454,0,0,0,300,30,150,毁灭花盆
1455,0,0,80,1000,7.5,225,毁灭保护伞
1456,0,0,40,300,7.5,150,海蘑菇大嘴花
1457,1.5,0,20,300,7.5,200,寒冰杨桃
1458,1.5,0,20,300,7.5,225,大喷大嘴花
1459,0,0,200,300,7.5,50,小喷大嘴花
1460,0,0,0,300,7.5,25,海蘑菇花盆
1461,1.5,0,30,300,7.5,150,蒜杨桃
3000,3,0,1,300,7.5,950,新究极樱桃射手
5000,3,0,180,300,50,775,sp浴火2
5001,1.5,0,40,300,50,275,魔法寒冰射手2
5002,0,0,0,16000,50,400,末影箱子
5003,5,0,40,300,90,400,究极水草亚种
5004,0,0,0,300,50,325,究极小松炉
